,O,p,pʲ,b,bʲ,f,fʲ,v,vʲ,m,mʲ,t,tʲ,d,dʲ,s,sʲ,n,nʲ,l,lʲ,r,rʲ,k,kʲ,g,gʲ,x,xʲ,ɣ,ɣʲ,ŋ,ŋʲ,h
O,100.0,79.1127,79.0324,78.2515,78.524,80.4594,80.6593,81.1318,81.37870000000001,77.5841,77.756,78.14569999999999,77.8301,77.75959999999999,77.7404,78.0655,78.0325,77.5636,77.2183,77.2493,76.8457,76.8815,77.8296,79.6539,79.6427,78.7431,78.6839,88.321,88.5668,84.2338,84.78869999999999,89.60510000000001,89.6671,81.3733
p,79.1127,100.0,77.4628,77.4798,76.6274,78.0092,76.68310000000001,77.7234,77.95490000000001,76.1562,75.9985,76.25619999999999,76.237,76.0154,76.22149999999999,76.2304,76.0641,75.8117,75.4665,75.73100000000001,75.3551,75.4268,76.0311,77.879,77.498,77.06960000000001,77.00280000000001,85.02159999999999,85.2487,81.133,81.1416,86.2526,86.0677,78.4211
pʲ,79.0324,77.4628,100.0,76.4393,77.4658,76.41120000000001,78.06309999999999,77.60679999999999,77.6168,75.8436,75.79169999999999,76.4763,76.1802,75.9757,76.08160000000001,76.4749,76.2231,76.0073,75.5683,75.8652,75.6899,75.6593,76.14699999999999,77.6978,77.76910000000001,77.1807,76.9595,84.81840000000001,85.26740000000001,81.22500000000001,81.50410000000001,86.2212,86.21379999999999,78.55959999999999
b,78.2515,77.4798,76.4393,100.0,75.8511,76.0464,75.8913,78.3004,77.06110000000001,76.0455,75.4969,75.4171,75.7409,75.4875,75.2384,75.8502,75.4906,75.3668,75.0593,75.3744,74.6851,74.8434,75.21719999999999,77.0257,76.8948,76.4559,76.4859,84.294,84.5655,80.41460000000001,80.51650000000001,85.4435,85.4203,77.84410000000001
bʲ,78.524,76.6274,77.4658,75.8511,100.0,75.89590000000001,76.3614,77.4725,78.8698,75.4668,76.2379,75.51060000000001,75.913,75.44669999999999,75.3763,75.7097,75.5281,75.5197,75.0633,75.189,74.8226,74.95960000000001,75.4168,77.164,77.12400000000001,76.4316,76.5407,84.5719,84.8368,80.5938,80.8564,85.7267,85.6913,78.03529999999999
f,80.4594,78.0092,76.41120000000001,76.0464,75.89590000000001,100.0,75.7401,77.9657,77.0502,75.4696,75.3022,75.3454,75.6608,75.33670000000001,75.60860000000001,75.8484,75.67970000000001,75.49369999999999,75.13980000000001,74.9833,74.7431,74.9246,75.4508,77.0003,76.8651,76.6902,76.261,84.40950000000001,84.587,80.4763,80.56410000000001,85.7191,85.5732,77.7848
fʲ,80.6593,76.68310000000001,78.06309999999999,75.8913,76.3614,75.7401,100.0,77.1804,78.1218,75.5514,75.4656,75.7175,75.7543,75.27120000000001,75.4312,75.9966,75.4633,75.3081,75.06429999999999,75.4234,74.893,74.81179999999999,75.6415,77.1647,77.102,76.6169,76.3644,84.5323,84.9036,80.4462,80.6181,85.80330000000001,85.7566,77.93430000000001
v,81.1318,77.7234,77.60679999999999,78.3004,77.4725,77.9657,77.1804,100.0,78.90559999999999,78.48910000000001,76.58359999999999,76.6256,76.50829999999999,76.44919999999999,76.5652,76.8451,76.6683,76.2578,75.8769,76.1524,75.8536,75.5628,76.42099999999999,78.2905,78.1119,77.7148,77.7447,86.5399,86.7792,82.3137,82.9656,87.8778,87.8878,79.7851
vʲ,81.37870000000001,77.95490000000001,77.6168,77.06110000000001,78.8698,77.0502,78.1218,78.90559999999999,100.0,76.5206,78.63210000000001,76.9253,76.7008,76.7427,76.594,77.0406,76.6939,76.58470000000001,76.27080000000001,76.2709,75.91329999999999,75.8218,76.5321,78.3565,78.1516,77.7008,77.7064,86.6135,86.8677,82.7358,82.6953,87.86699999999999,87.9528,79.9201
m,77.5841,76.1562,75.8436,76.0455,75.4668,75.4696,75.5514,78.48910000000001,76.5206,100.0,75.0617,75.10679999999999,75.286,75.0673,74.83619999999999,75.4679,75.1369,74.9046,74.7776,74.8511,74.5162,74.4006,75.0283,76.5029,76.2058,75.8166,75.7564,83.5363,83.758,79.63759999999999,79.6401,84.7145,84.5701,77.35069999999999
mʲ,77.756,75.9985,75.79169999999999,75.4969,76.2379,75.3022,75.4656,76.58359999999999,78.63210000000001,75.0617,100.0,75.3968,75.4264,75.1138,75.1807,75.2205,75.3356,75.1141,74.6953,74.6711,74.3796,74.5573,75.2683,76.4063,76.4179,76.1555,75.8608,83.7565,83.9969,79.75489999999999,79.9538,84.7517,84.7064,77.3769
t,78.14569999999999,76.25619999999999,76.4763,75.4171,75.51060000000001,75.3454,75.7175,76.6256,76.9253,75.10679999999999,75.3968,100.0,75.2083,75.3322,75.3181,76.6361,75.4636,75.1503,74.9923,75.1453,74.6164,74.8357,75.3087,76.7585,76.5409,76.1836,75.9272,83.8412,84.2027,79.9529,80.2257,85.17240000000001,85.111,78.557
tʲ,77.8301,76.237,76.1802,75.7409,75.913,75.6608,75.7543,76.50829999999999,76.7008,75.286,75.4264,75.2083,100.0,75.337,75.6453,75.55340000000001,75.8409,74.9215,74.88080000000001,74.9747,74.5941,74.47009999999999,75.20700000000001,76.8544,76.7079,76.2282,76.02499999999999,83.6661,83.9529,80.0146,79.9624,84.871,84.8028,78.3632
d,77.75959999999999,76.0154,75.9757,75.4875,75.44669999999999,75.33670000000001,75.27120000000001,76.44919999999999,76.7427,75.0673,75.1138,75.3322,75.337,100.0,74.8535,75.431,75.1794,75.47739999999999,74.7605,74.8894,74.5783,74.6131,75.1074,76.61200000000001,76.4239,75.721,75.96300000000001,83.5206,83.6743,81.35379999999999,79.756,84.61659999999999,84.62140000000001,77.08840000000001
dʲ,77.7404,76.22149999999999,76.08160000000001,75.2384,75.3763,75.60860000000001,75.4312,76.5652,76.594,74.83619999999999,75.1807,75.3181,75.6453,74.8535,100.0,75.4464,75.2085,75.0881,75.0034,74.8253,74.3668,74.3448,75.24159999999999,76.4995,76.4523,76.0803,75.9002,83.41720000000001,83.7602,79.7646,81.7581,84.70609999999999,84.60459999999999,77.1359
s,78.0655,76.2304,76.4749,75.8502,75.7097,75.8484,75.9966,76.8451,77.0406,75.4679,75.2205,76.6361,75.55340000000001,75.431,75.4464,100.0,75.7062,75.307,74.8959,75.0699,74.8485,74.73870000000001,75.3737,76.9527,76.8907,76.1439,76.1834,84.0602,84.114,80.17699999999999,80.3546,85.02159999999999,85.0363,78.55760000000001
sʲ,78.0325,76.0641,76.2231,75.4906,75.5281,75.67970000000001,75.4633,76.6683,76.6939,75.1369,75.3356,75.4636,75.8409,75.1794,75.2085,75.7062,100.0,74.8109,74.92609999999999,74.9803,74.4344,74.7996,75.319,76.5826,76.4909,76.126,75.90400000000001,83.5689,83.7577,79.95949999999999,79.9621,84.5659,84.5324,78.36149999999999
n,77.5636,75.8117,76.0073,75.3668,75.5197,75.49369999999999,75.3081,76.2578,76.58470000000001,74.9046,75.1141,75.1503,74.9215,75.47739999999999,75.0881,75.307,74.8109,100.0,74.8188,74.8225,74.4626,74.7009,75.0672,76.3092,76.0003,75.9431,75.63260000000001,83.2912,83.65390000000001,79.6815,79.6683,84.6149,84.5356,77.2166
nʲ,77.2183,75.4665,75.5683,75.0593,75.0633,75.13980000000001,75.06429999999999,75.8769,76.27080000000001,74.7776,74.6953,74.9923,74.88080000000001,74.7605,75.0034,74.8959,74.92609999999999,74.8188,100.0,74.66199999999999,74.2738,74.3781,74.8704,76.0085,75.8822,75.5251,75.5985,82.98870000000001,83.1785,79.1998,79.4533,84.0609,84.0646,76.5903
l,77.2493,75.73100000000001,75.8652,75.3744,75.189,74.9833,75.4234,76.1524,76.2709,74.8511,74.6711,75.1453,74.9747,74.8894,74.8253,75.0699,74.9803,74.8225,74.66199999999999,100.0,74.3626,74.4028,74.9769,76.09169999999999,75.8348,75.6183,75.4172,82.9252,83.2338,79.3976,79.42399999999999,84.1063,84.0022,76.7333
lʲ,76.8457,75.3551,75.6899,74.6851,74.8226,74.7431,74.893,75.8536,75.91329999999999,74.5162,74.3796,74.6164,74.5941,74.5783,74.3668,74.8485,74.4344,74.4626,74.2738,74.3626,100.0,74.0522,74.7443,75.7451,75.7242,75.3528,75.2682,82.3608,82.71650000000001,78.6901,79.0152,83.4815,83.42540000000001,76.39150000000001
r,76.8815,75.4268,75.6593,74.8434,74.95960000000001,74.9246,74.81179999999999,75.5628,75.8218,74.4006,74.5573,74.8357,74.47009999999999,74.6131,74.3448,74.73870000000001,74.7996,74.7009,74.3781,74.4028,74.0522,100.0,74.54509999999999,75.683,75.9123,75.2999,75.12729999999999,82.52000000000001,82.65010000000001,79.07560000000001,79.1192,83.5452,83.4535,76.3024
rʲ,77.8296,76.0311,76.14699999999999,75.21719999999999,75.4168,75.4508,75.6415,76.42099999999999,76.5321,75.0283,75.2683,75.3087,75.20700000000001,75.1074,75.24159999999999,75.3737,75.319,75.0672,74.8704,74.9769,74.7443,74.54509999999999,100.0,76.4884,76.2546,75.8227,75.8986,83.3021,83.60640000000001,79.49969999999999,79.693,84.51689999999999,84.4156,77.25659999999999
k,79.6539,77.879,77.6978,77.0257,77.164,77.0003,77.1647,78.2905,78.3565,76.5029,76.4063,76.7585,76.8544,76.61200000000001,76.4995,76.9527,76.5826,76.3092,76.0085,76.09169999999999,75.7451,75.683,76.4884,100.0,78.2632,78.8086,77.54809999999999,90.5737,86.0101,81.7492,81.8724,86.79249999999999,86.94619999999999,78.94919999999999
kʲ,79.6427,77.498,77.76910000000001,76.8948,77.12400000000001,76.8651,77.102,78.1119,78.1516,76.2058,76.4179,76.5409,76.7079,76.4239,76.4523,76.8907,76.4909,76.0003,75.8822,75.8348,75.7242,75.9123,76.2546,78.2632,100.0,77.6793,78.4427,85.5249,90.2767,81.477,81.5386,86.65230000000001,86.5495,78.7953
g,78.7431,77.06960000000001,77.1807,76.4559,76.4316,76.6902,76.6169,77.7148,77.7008,75.8166,76.1555,76.1836,76.2282,75.721,76.0803,76.1439,76.126,75.9431,75.5251,75.6183,75.3528,75.2999,75.8227,78.8086,77.6793,100.0,76.9421,85.8892,85.2648,84.211,81.15289999999999,88.23349999999999,86.3236,78.4994
gʲ,78.6839,77.00280000000001,76.9595,76.4859,76.5407,76.261,76.3644,77.7447,77.7064,75.7564,75.8608,75.9272,76.02499999999999,75.96300000000001,75.9002,76.1834,75.90400000000001,75.63260000000001,75.5985,75.4172,75.2682,75.12729999999999,75.8986,77.54809999999999,78.4427,76.9421,100.0,84.9416,86.1425,80.9212,84.2627,86.2925,88.0815,78.3531
x,88.321,85.02159999999999,84.81840000000001,84.294,84.5719,84.40950000000001,84.5323,86.5399,86.6135,83.5363,83.7565,83.8412,83.6661,83.5206,83.41720000000001,84.0602,83.5689,83.2912,82.98870000000001,82.9252,82.3608,82.52000000000001,83.3021,90.5737,85.5249,85.8892,84.9416,100.0,96.24249999999999,91.2531,91.5755,97.1845,97.2358,87.6665
xʲ,88.5668,85.2487,85.26740000000001,84.5655,84.8368,84.587,84.9036,86.7792,86.8677,83.758,83.9969,84.2027,83.9529,83.6743,83.7602,84.114,83.7577,83.65390000000001,83.1785,83.2338,82.71650000000001,82.65010000000001,83.60640000000001,86.0101,90.2767,85.2648,86.1425,96.24249999999999,100.0,91.5654,91.5146,97.5639,97.42530000000001,88.0142
ɣ,84.2338,81.133,81.22500000000001,80.41460000000001,80.5938,80.4763,80.4462,82.3137,82.7358,79.63759999999999,79.75489999999999,79.9529,80.0146,81.35379999999999,79.7646,80.17699999999999,79.95949999999999,79.6815,79.1998,79.3976,78.6901,79.07560000000001,79.49969999999999,81.7492,81.477,84.211,80.9212,91.2531,91.5654,100.0,87.4719,94.80969999999999,92.4392,83.7888
ɣʲ,84.78869999999999,81.1416,81.50410000000001,80.51650000000001,80.8564,80.56410000000001,80.6181,82.9656,82.6953,79.6401,79.9538,80.2257,79.9624,79.756,81.7581,80.3546,79.9621,79.6683,79.4533,79.42399999999999,79.0152,79.1192,79.693,81.8724,81.5386,81.15289999999999,84.2627,91.5755,91.5146,87.4719,100.0,92.8439,95.0091,83.99170000000001
ŋ,89.60510000000001,86.2526,86.2212,85.4435,85.7267,85.7191,85.80330000000001,87.8778,87.86699999999999,84.7145,84.7517,85.17240000000001,84.871,84.61659999999999,84.70609999999999,85.02159999999999,84.5659,84.6149,84.0609,84.1063,83.4815,83.5452,84.51689999999999,86.79249999999999,86.65230000000001,88.23349999999999,86.2925,97.1845,97.5639,94.80969999999999,92.8439,100.0,98.86970000000001,89.1401
ŋʲ,89.6671,86.0677,86.21379999999999,85.4203,85.6913,85.5732,85.7566,87.8878,87.9528,84.5701,84.7064,85.111,84.8028,84.62140000000001,84.60459999999999,85.0363,84.5324,84.5356,84.0646,84.0022,83.42540000000001,83.4535,84.4156,86.94619999999999,86.5495,86.3236,88.0815,97.2358,97.42530000000001,92.4392,95.0091,98.86970000000001,100.0,89.0753
h,81.3733,78.4211,78.55959999999999,77.84410000000001,78.03529999999999,77.7848,77.93430000000001,79.7851,79.9201,77.35069999999999,77.3769,78.557,78.3632,77.08840000000001,77.1359,78.55760000000001,78.36149999999999,77.2166,76.5903,76.7333,76.39150000000001,76.3024,77.25659999999999,78.94919999999999,78.7953,78.4994,78.3531,87.6665,88.0142,83.7888,83.99170000000001,89.1401,89.0753,100.0
